S318 : 0.37796447300922703
T1 : 0.7559289460184546
S490 : 3.7922305225624165e-17
S48 : 2.5973334604390567e-17
S6 : 0.37796447300922703
S407 : 2.283040721867571e-17
S192 : 0.37796447300922736
S268 : 9.93629251455612e-18
S371 : -2.117743308226054e-17
S162 : 1.1375449750566082e-17
S2 : -3.311447353518449e-17
S1251 : -5.868220782249278e-17
T2 : 3.997828829282599e-17
S295 : 5.477844876108878e-17
S759 : 2.829663280312116e-17
S244 : -7.327448885348961e-18
S1273 : 3.408589800766611e-17
S1369 : 5.177047349478653e-18
S205 : -1.1580506873672654e-18
S101 : -2.6788267569917535e-17
S314 : 4.949462167118718e-17
S1022 : 2.9177163211726437e-18
S1422 : 1.7433110214235506e-17
S323 : -2.098970052434851e-17
S1824 : 2.3900323624768043e-17
S2870 : -1.4463502537901737e-17
S2370 : -2.5610204614290687e-18
S1714 : 4.946529540885512e-17
S2355 : -1.0040431994436222e-16
S699 : -8.771626271683529e-17
S1319 : 2.9107088959171856e-17
S838 : -1.1217564949543786e-17
